Timestamp,latitude,longitude,altitude,speed,course,hacc
07-Oct-2023 18:06:53.000,32.72852,-97.11307,185.128,0.154,0,7.901
07-Oct-2023 18:06:54.000,32.72853,-97.11306,185.172,0.282,0,8.253
07-Oct-2023 18:06:55.000,32.72853,-97.11307,185.169,0.255,0,8.188
07-Oct-2023 18:06:56.000,32.72853,-97.11304,185.148,0.616,0,8.655
07-Oct-2023 18:06:57.000,32.72852,-97.11305,185.148,0.06,0,8.215
07-Oct-2023 18:06:58.000,32.72852,-97.11306,185.109,0.218,0,8.771
07-Oct-2023 18:06:59.000,32.72852,-97.11306,185.08,0.218,0,10.969
07-Oct-2023 18:07:00.021,32.72852,-97.11306,185.058,0.218,0,13.886
07-Oct-2023 18:07:01.019,32.72848,-97.11309,185.062,0.971,0,15.921
07-Oct-2023 18:07:02.018,32.72847,-97.1131,185.04,0.971,0,19.941
07-Oct-2023 18:07:03.013,32.72847,-97.1131,185.033,0.971,0,22.169
07-Oct-2023 18:07:11.019,32.72841,-97.11315,184.98,0.971,0,75.466
07-Oct-2023 18:07:12.000,32.72824,-97.11315,185.112,2.382,0,80.7
07-Oct-2023 18:07:13.000,32.72815,-97.11324,184.981,3.128,201.432,85.169
07-Oct-2023 18:07:14.000,32.72807,-97.11323,184.887,3.516,195.683,91.138
07-Oct-2023 18:07:15.000,32.7282,-97.11322,184.894,2.348,0,94.752
07-Oct-2023 18:07:16.000,32.72847,-97.11316,184.77,0.362,0,50.436
07-Oct-2023 18:07:17.000,32.72847,-97.11326,184.769,0.097,0,23.764
07-Oct-2023 18:07:18.001,32.72845,-97.11321,184.888,0.284,0,19.501
07-Oct-2023 18:07:19.001,32.72853,-97.11314,184.896,0.815,0,13.837
07-Oct-2023 18:07:20.001,32.72853,-97.11314,184.982,0.466,0,14.07
07-Oct-2023 18:07:21.001,32.72853,-97.11314,184.992,0.394,0,15.705
07-Oct-2023 18:07:22.001,32.72853,-97.11315,184.984,0.356,0,17.811
07-Oct-2023 18:07:23.001,32.72853,-97.11315,185,0.355,0,20.918
07-Oct-2023 18:07:24.001,32.72853,-97.11315,185.085,0.356,0,24.75
07-Oct-2023 18:07:25.001,32.72854,-97.11315,185.071,0.355,0,29.173
07-Oct-2023 18:07:26.001,32.72854,-97.11315,185.231,0.36,0,34.102
07-Oct-2023 18:07:27.001,32.72854,-97.11315,185.108,0.355,0,36.237
07-Oct-2023 18:07:28.001,32.72849,-97.11317,187.168,0.23,0,37.46
07-Oct-2023 18:07:29.001,32.72848,-97.11316,186.859,0.56,0,46.024
07-Oct-2023 18:07:30.001,32.72847,-97.11315,186.566,0.56,0,57.711
07-Oct-2023 18:07:31.001,32.72856,-97.11315,185.215,0.357,0,65.008
07-Oct-2023 18:07:32.001,32.72856,-97.11315,185.091,0.356,0,72.201
07-Oct-2023 18:07:33.001,32.72848,-97.11317,185.14,0.365,190.124,80.79
07-Oct-2023 18:07:34.001,32.72847,-97.11316,185.176,0.37,190.124,88.641
07-Oct-2023 18:07:35.001,32.72847,-97.11316,185.197,0.372,190.124,96.873
07-Oct-2023 18:07:36.001,32.72857,-97.11315,185.191,0.356,0,99.53
07-Oct-2023 18:07:37.001,32.72843,-97.11314,188.416,0.71,0,44.357
07-Oct-2023 18:07:38.001,32.72842,-97.11314,188.441,0.71,0,47.868
07-Oct-2023 18:07:39.012,32.7284,-97.11313,188.348,0.71,0,52.706
07-Oct-2023 18:07:44.001,32.72813,-97.11321,184.924,0.43,254.531,17.619
07-Oct-2023 18:07:45.001,32.72813,-97.11322,184.924,0.43,254.531,17.619
07-Oct-2023 18:07:46.001,32.7281,-97.11324,184.629,0.55,254.531,14.414
07-Oct-2023 18:07:47.001,32.72819,-97.11325,184.598,0.55,212.344,24.471
07-Oct-2023 18:07:48.001,32.72819,-97.11325,184.704,0.75,212.695,25.379
07-Oct-2023 18:07:49.001,32.72825,-97.11323,184.697,0.79,181.055,16.546
07-Oct-2023 18:07:50.001,32.72824,-97.11323,184.697,0.794,0,200
07-Oct-2023 18:07:51.001,32.72822,-97.11323,184.87,0.808,0,200
07-Oct-2023 18:07:52.001,32.7281,-97.11326,184.89,1.05,0,267.34
07-Oct-2023 18:07:53.001,32.72807,-97.11327,184.73,0.31,0,298.451
07-Oct-2023 18:07:54.001,32.72807,-97.11327,184.705,0.31,0,333.289
07-Oct-2023 18:07:55.023,32.72807,-97.11328,184.678,0.31,0,369.975
07-Oct-2023 18:07:56.001,32.72814,-97.1134,184.678,0.343,0,296.92
07-Oct-2023 18:07:57.001,32.72816,-97.11344,184.654,0.451,0,296.951
07-Oct-2023 18:07:58.001,32.72818,-97.11348,184.651,0.69,0,323.574
07-Oct-2023 18:07:59.001,32.72817,-97.11349,184.635,0.69,0,351.822
07-Oct-2023 18:08:00.001,32.72817,-97.11349,184.62,0.69,0,381.653
07-Oct-2023 18:08:01.019,32.72822,-97.1132,182.986,2.789,236.472,92.191
07-Oct-2023 18:08:02.001,32.72821,-97.11321,183.073,2.311,225.241,57.73
07-Oct-2023 18:08:03.034,32.72822,-97.11322,183.102,1.982,235.164,56.923
07-Oct-2023 18:08:04.001,32.72822,-97.11323,183.213,1.877,235.688,58.299
07-Oct-2023 18:08:05.001,32.7282,-97.11318,183.566,1.826,230.642,59.28
07-Oct-2023 18:08:06.001,32.72819,-97.11321,184.324,1.931,232.126,61.264
07-Oct-2023 18:08:07.001,32.72818,-97.11322,185.103,1.84,232.468,63.531
07-Oct-2023 18:08:08.001,32.72818,-97.11323,184.772,1.742,234.15,65.997
07-Oct-2023 18:08:09.002,32.72817,-97.11325,184.59,1.743,234.72,68.735
07-Oct-2023 18:08:10.002,32.72816,-97.11326,184.815,1.746,234.978,71.704
07-Oct-2023 18:08:11.002,32.72815,-97.11328,184.79,1.753,235.077,74.934
07-Oct-2023 18:08:12.002,32.72815,-97.11329,184.702,1.766,235.039,78.364
07-Oct-2023 18:08:13.002,32.72814,-97.1133,184.559,1.779,234.948,81.977
07-Oct-2023 18:08:14.002,32.72813,-97.11332,184.439,1.779,234.825,85.839
07-Oct-2023 18:08:15.002,32.72812,-97.11332,184.635,1.742,234.808,89.733
07-Oct-2023 18:08:16.002,32.72811,-97.11331,184.852,1.659,231.824,78.401
07-Oct-2023 18:08:17.002,32.7281,-97.11333,184.376,1.676,229.114,80.33
07-Oct-2023 18:08:18.002,32.72809,-97.11336,184.165,1.707,231.081,81.965
07-Oct-2023 18:08:19.002,32.72808,-97.11337,184.016,1.703,230.987,83.763
07-Oct-2023 18:08:20.002,32.72806,-97.11337,183.982,1.629,227.007,81.758
07-Oct-2023 18:08:21.002,32.72804,-97.11336,184.353,1.565,221.371,80.806
07-Oct-2023 18:08:22.002,32.72801,-97.11335,184.295,1.5,214.524,80.108
07-Oct-2023 18:08:23.002,32.728,-97.11338,184.359,1.53,215.91,81.298
07-Oct-2023 18:08:24.002,32.72799,-97.11339,184.1,1.552,216.307,82.748
07-Oct-2023 18:08:25.002,32.72798,-97.11342,184.139,1.544,217.295,84.166
07-Oct-2023 18:08:26.002,32.72797,-97.11342,184.281,1.553,216.15,85.622
07-Oct-2023 18:08:27.002,32.72796,-97.11343,184.041,1.545,216.385,87.265
07-Oct-2023 18:08:28.002,32.72794,-97.11344,184.222,1.557,216.41,89.142
07-Oct-2023 18:08:29.002,32.72793,-97.11343,184.38,1.544,215.488,91.106
07-Oct-2023 18:08:30.002,32.72792,-97.11346,184.281,1.544,216.196,93.167
07-Oct-2023 18:08:31.001,32.72791,-97.11345,184.132,1.543,215.315,95.394
